 1992 10 01 773.58
 1992 10 02 693.15
 1992 10 05 163.22
 1992 10 06 923.10
 1992 10 07 583.06
 1992 10 08 843.04
 1992 10 09 22.97
 1992 10 13 843.53
 1992 10 14 423.96
 1992 10 15 553.40
 1992 10 16 192.99
 1992 10 19 273.05
 1992 10 20 672.97
 1992 10 21 522.95
 1992 10 22 682.96
 1992 10 23 522.90
 1992 10 26 963.12
 1992 10 27 692.91
 1992 10 28 733.06
 1992 10 29 163.08
 1992 10 30 163.04
 1992 11 02 263.21
 1992 11 03 863.09
 1992 11 04 22.98
 1992 11 05 412.92
 1992 11 06 662.86
 1992 11 09 822.98
 1992 11 10 142.93
 1992 11 12 83.04
 1992 11 13 592.85
 1992 11 16 613.28
 1992 11 17 853.06
 1992 11 18 802.89
 1992 11 19 982.94
 1992 11 20 492.90
 1992 11 23 722.89
 1992 11 24 452.58
 1992 11 25 34.60
 1992 11 27 953.13
 1992 11 30 573.45
 1992 12 01 173.17
 1992 12 02 192.99
 1992 12 03 763.00
 1992 12 04 452.86
 1992 12 07 322.92
 1992 12 08 132.77
 1992 12 09 913.30
 1992 12 10 693.08
 1992 12 11 542.76
 1992 12 14 812.99
 1992 12 15 663.17
 1992 12 16 853.02
 1992 12 17 702.97
 1992 12 18 412.73
 1992 12 21 523.06
 1992 12 22 752.97
 1992 12 23 943.38
 1992 12 24 372.85
 1992 12 28 243.27
 1992 12 29 462.74
 1992 12 30 642.60
 1992 12 31 392.66
 1993 01 04 823.60
 1993 01 05 283.33
 1993 01 06 423.62
 1993 01 07 423.25
 1993 01 08 522.93
 1993 01 11 803.06
 1993 01 12 162.91
 1993 01 13 632.87
 1993 01 14 842.97
 1993 01 15 812.96
 1993 01 19 993.35
 1993 01 20 473.56
 1993 01 21 533.05
 1993 01 22 402.86
 1993 01 25 293.06
 1993 01 26 632.96
 1993 01 27 602.94
 1993 01 28 882.97
 1993 01 29 703.02
 1993 02 01 63.25
 1993 02 02 303.18
 1993 02 03 813.56
 1993 02 04 73.08
 1993 02 05 952.87
 1993 02 08 142.94
 1993 02 09 12.90
 1993 02 10 562.88
 1993 02 11 732.97
 1993 02 12 872.95
 1993 02 16 543.59
 1993 02 17 533.09
 1993 02 18 102.98
 1993 02 19 492.86
 1993 02 22 732.96
 1993 02 23 622.91
 1993 02 24 992.91
 1993 02 25 263.03
 1993 02 26 143.18
 1993 03 01 703.65
 1993 03 02 613.19
 1993 03 03 683.29
 1993 03 04 583.10
 1993 03 05 903.02
 1993 03 08 403.06
 1993 03 09 512.98
 1993 03 10 122.96
 1993 03 11 603.00
 1993 03 12 32.93
 1993 03 15 743.16
 1993 03 16 92.72
 1993 03 17 443.58
 1993 03 18 463.03
 1993 03 19 642.88
 1993 03 22 32.99
 1993 03 23 282.93
 1993 03 24 882.92
 1993 03 25 713.05
 1993 03 26 783.04
 1993 03 29 263.34
 1993 03 30 732.91
 1993 03 31 703.83
 1993 04 01 403.31
 1993 04 02 763.13
 1993 04 05 693.15
 1993 04 06 612.97
 1993 04 07 202.93
 1993 04 08 402.94
 1993 04 09 722.82
 1993 04 12 713.11
 1993 04 13 752.98
 1993 04 14 73.03
 1993 04 15 993.15
 1993 04 16 482.84
 1993 04 19 862.94
 1993 04 20 892.84
 1993 04 21 972.95
 1993 04 22 692.97
 1993 04 23 612.85
 1993 04 26 242.99
 1993 04 27 322.72
 1993 04 28 352.88
 1993 04 29 312.94
 1993 04 30 763.01
 1993 05 03 13.03
 1993 05 04 692.94
 1993 05 05 532.90
 1993 05 06 312.88
 1993 05 07 212.83
 1993 05 10 242.99
 1993 05 11 82.98
 1993 05 12 42.95
 1993 05 13 372.97
 1993 05 14 742.94
 1993 05 17 23.34
 1993 05 18 312.97
 1993 05 19 182.94
 1993 05 20 192.97
 1993 05 21 682.96
 1993 05 24 763.15
 1993 05 25 583.21
 1993 05 26 863.26
 1993 05 27 633.11
 1993 05 28 273.02
 1993 06 01 773.33
 1993 06 02 243.12
 1993 06 03 673.03
 1993 06 04 962.98
 1993 06 07 183.14
 1993 06 08 92.72
 1993 06 09 872.92
 1993 06 10 223.01
 1993 06 11 512.93
 1993 06 14 413.06
 1993 06 15 563.14
 1993 06 16 663.04
 1993 06 17 703.02
 1993 06 18 452.91
 1993 06 21 293.03
 1993 06 22 182.98
 1993 06 23 933.24
 1993 06 24 733.02
 1993 06 25 892.96
 1993 06 28 903.08
 1993 06 29 663.00
 1993 06 30 993.92
 1993 07 01 423.27
 1993 07 02 202.96
 1993 07 06 563.19
 1993 07 07 233.39
 1993 07 08 193.09
 1993 07 09 712.96
 1993 07 12 603.12
 1993 07 13 722.99
 1993 07 14 782.97
 1993 07 15 303.13
 1993 07 16 942.97
 1993 07 19 953.13
 1993 07 20 993.08
 1993 07 21 113.36
 1993 07 22 43.12
 1993 07 23 692.99
 1993 07 26 903.11
 1993 07 27 523.01
 1993 07 28 592.98
 1993 07 29 923.04
 1993 07 30 833.07
 1993 08 02 153.26
 1993 08 03 533.06
 1993 08 04 923.14
 1993 08 05 333.05
 1993 08 06 882.96
 1993 08 09 53.04
 1993 08 10 172.96
 1993 08 11 222.92
 1993 08 12 852.97
 1993 08 13 593.00
 1993 08 16 443.34
 1993 08 17 583.10
 1993 08 18 423.02
 1993 08 19 843.02
 1993 08 20 732.95
 1993 08 23 723.01
 1993 08 24 242.95
 1993 08 25 753.03
 1993 08 26 293.06
 1993 08 27 202.99
 1993 08 30 173.11
 1993 08 31 513.19
 1993 09 01 633.25
 1993 09 02 843.03
 1993 09 03 352.94
 1993 09 07 553.11
 1993 09 08 493.02
 1993 09 09 702.99
 1993 09 10 162.94
 1993 09 13 573.05
 1993 09 14 903.00
 1993 09 15 113.38
 1993 09 16 223.10
 1993 09 17 512.99
 1993 09 20 93.38
 1993 09 21 633.23
 1993 09 22 423.14
 1993 09 23 563.06
 1993 09 24 572.99
 1993 09 27 83.16
 1993 09 28 873.08
 1993 09 29 173.10
 1993 09 30 103.99
 1993 10 01 523.19
 1993 10 04 983.11
 1993 10 05 23.04
 1993 10 06 682.98
 1993 10 07 262.95
 1993 10 08 352.87
 1993 10 12 53.07
 1993 10 13 562.85
 1993 10 14 892.99
 1993 10 15 872.97
 1993 10 18 473.03
 1993 10 19 252.94
 1993 10 20 202.91
 1993 10 21 672.94
 1993 10 22 702.95
 1993 10 25 513.17
 1993 10 26 273.03
 1993 10 27 132.82
 1993 10 28 443.04
 1993 10 29 333.03
 1993 11 01 423.15
 1993 11 02 873.02
 1993 11 03 632.98
 1993 11 04 972.99
 1993 11 05 212.95
 1993 11 08 783.04
 1993 11 09 472.95
 1993 11 10 932.91
 1993 11 11 452.91
 1993 11 12 983.03
 1993 11 15 393.23
 1993 11 16 973.02
 1993 11 17 222.99
 1993 11 18 862.99
 1993 11 19 82.94
 1993 11 22 93.05
 1993 11 23 832.94
 1993 11 24 43.03
 1993 11 26 503.09
 1993 11 29 553.12
 1993 11 30 843.16
 1993 12 01 403.07
 1993 12 02 823.04
 1993 12 03 842.96
 1993 12 06 82.97
 1993 12 07 72.67
 1993 12 08 492.87
 1993 12 09 732.94
 1993 12 10 612.90
 1993 12 13 432.96
 1993 12 14 202.95
 1993 12 15 223.06
 1993 12 16 743.03
 1993 12 17 102.94
 1993 12 20 903.03
 1993 12 21 552.97
 1993 12 22 53.08
 1993 12 23 983.05
 1993 12 24 772.97
 1993 12 27 243.11
 1993 12 28 342.98
 1993 12 29 172.85
 1993 12 30 262.82
 1993 12 31 42.85
 1994 01 03 693.15
 1994 01 04 83.03
 1994 01 05 53.46
 1994 01 06 963.08
 1994 01 07 412.96
 1994 01 10 313.02
 1994 01 11 92.97
 1994 01 12 232.93
 1994 01 13 72.94
 1994 01 14 762.95
 1994 01 18 573.97
 1994 01 19 383.20
 1994 01 20 482.97
 1994 01 21 552.91
 1994 01 24 933.04
 1994 01 25 163.04
 1994 01 26 723.04
 1994 01 27 63.00
 1994 01 28 862.98
 1994 01 31 563.68
 1994 02 01 93.25
 1994 02 02 923.31
 1994 02 03 313.12
 1994 02 04 843.19
 1994 02 07 163.31
 1994 02 08 03.24
 1994 02 09 473.15
 1994 02 10 513.16
 1994 02 11 763.14
 1994 02 14 453.35
 1994 02 15 773.49
 1994 02 16 323.34
 1994 02 17 943.30
 1994 02 18 633.21
 1994 02 22 903.33
 1994 02 23 283.25
 1994 02 24 23.25
 1994 02 25 173.23
 1994 02 28 823.49
 1994 03 01 633.31
 1994 03 02 573.24
 1994 03 03 963.26
 1994 03 04 713.25
 1994 03 07 883.29
 1994 03 08 413.24
 1994 03 09 113.22
 1994 03 10 13.22
 1994 03 11 793.17
 1994 03 14 603.30
 1994 03 15 23.25